{
 "cells": [
  {
   "cell_type": "code",
   "execution_count": 1,
   "id": "dbf402fa-7b91-4066-a473-b13b8f8c4081",
   "metadata": {},
   "outputs": [],
   "source": [
    "from pyspark.sql.functions import *\n",
    "from pyspark.sql import SparkSession"
   ]
  },
  {
   "cell_type": "code",
   "execution_count": 2,
   "id": "6e82e768-947f-4d1d-8725-a6de5c3419af",
   "metadata": {},
   "outputs": [
    {
     "name": "stderr",
     "output_type": "stream",
     "text": [
      "Setting default log level to \"WARN\".\n",
      "To adjust logging level use sc.setLogLevel(newLevel). For SparkR, use setLogLevel(newLevel).\n",
      "23/08/15 11:15:03 WARN NativeCodeLoader: Unable to load native-hadoop library for your platform... using builtin-java classes where applicable\n"
     ]
    }
   ],
   "source": [
    "spark = SparkSession.builder.appName('Test').getOrCreate()"
   ]
  },
  {
   "cell_type": "code",
   "execution_count": 3,
   "id": "4c8eea84-c18e-42f1-8f10-320aa32d7c54",
   "metadata": {},
   "outputs": [],
   "source": [
    "employees = [(1, \"Scott\", \"Tiger\", 1000.0, \n",
    "                      \"united states\", \"+1 123 456 7890\", \"123 45 6789\"\n",
    "                     ),\n",
    "                     (2, \"Henry\", \"Ford\", 1250.0, \n",
    "                      \"India\", \"+91 234 567 8901\", \"456 78 9123\"\n",
    "                     ),\n",
    "                     (3, \"Nick\", \"Junior\", 750.0, \n",
    "                      \"united KINGDOM\", \"+44 111 111 1111\", \"222 33 4444\"\n",
    "                     ),\n",
    "                     (4, \"Bill\", \"Gomes\", 1500.0, \n",
    "                      \"AUSTRALIA\", \"+61 987 654 3210\", \"789 12 6118\"\n",
    "                     )\n",
    "                ]"
   ]
  },
  {
   "cell_type": "code",
   "execution_count": 4,
   "id": "470124a4-2041-4290-a662-3e573de79502",
   "metadata": {},
   "outputs": [],
   "source": [
    "employeesDF = spark. \\\n",
    "    createDataFrame(employees,\n",
    "                    schema=\"\"\"employee_id INT, first_name STRING, \n",
    "                    last_name STRING, salary FLOAT, nationality STRING,\n",
    "                    phone_number STRING, ssn STRING\"\"\"\n",
    "                   )"
   ]
  },
  {
   "cell_type": "code",
   "execution_count": 5,
   "id": "bd50cb2d-a1b2-4768-975a-9500e73894b1",
   "metadata": {},
   "outputs": [
    {
     "name": "stderr",
     "output_type": "stream",
     "text": [
      "[Stage 0:>                                                          (0 + 4) / 4]\r"
     ]
    },
    {
     "name": "stdout",
     "output_type": "stream",
     "text": [
      "+-----------+----------+---------+\n",
      "|employee_id|first_name|last_name|\n",
      "+-----------+----------+---------+\n",
      "|          1|     Scott|    Tiger|\n",
      "|          2|     Henry|     Ford|\n",
      "|          3|      Nick|   Junior|\n",
      "|          4|      Bill|    Gomes|\n",
      "+-----------+----------+---------+\n",
      "\n"
     ]
    },
    {
     "name": "stderr",
     "output_type": "stream",
     "text": [
      "                                                                                \r"
     ]
    }
   ],
   "source": [
    "employeesDF. \\\n",
    "    select(\"employee_id\",\"first_name\", \"last_name\").orderBy('employee_id').show()"
   ]
  },
  {
   "cell_type": "code",
   "execution_count": 6,
   "id": "6c629be4-beea-41e5-a7b9-883ca1a28cd2",
   "metadata": {},
   "outputs": [
    {
     "name": "stdout",
     "output_type": "stream",
     "text": [
      "+--------------+-----+\n",
      "|   nationality|count|\n",
      "+--------------+-----+\n",
      "| united states|    1|\n",
      "|         India|    1|\n",
      "|united KINGDOM|    1|\n",
      "|     AUSTRALIA|    1|\n",
      "+--------------+-----+\n",
      "\n"
     ]
    }
   ],
   "source": [
    "employeesDF. \\\n",
    "    groupBy(\"nationality\"). \\\n",
    "    count(). \\\n",
    "    show()"
   ]
  },
  {
   "cell_type": "code",
   "execution_count": 7,
   "id": "dee9be11-3dfe-426f-8318-e72c558b0a45",
   "metadata": {},
   "outputs": [
    {
     "name": "stdout",
     "output_type": "stream",
     "text": [
      "+-----------+----------+---------+------+--------------+----------------+-----------+\n",
      "|employee_id|first_name|last_name|salary|   nationality|    phone_number|        ssn|\n",
      "+-----------+----------+---------+------+--------------+----------------+-----------+\n",
      "|          1|     Scott|    Tiger|1000.0| united states| +1 123 456 7890|123 45 6789|\n",
      "|          2|     Henry|     Ford|1250.0|         India|+91 234 567 8901|456 78 9123|\n",
      "|          3|      Nick|   Junior| 750.0|united KINGDOM|+44 111 111 1111|222 33 4444|\n",
      "|          4|      Bill|    Gomes|1500.0|     AUSTRALIA|+61 987 654 3210|789 12 6118|\n",
      "+-----------+----------+---------+------+--------------+----------------+-----------+\n",
      "\n"
     ]
    }
   ],
   "source": [
    "employeesDF. \\\n",
    "    orderBy(\"employee_id\"). \\\n",
    "    show()"
   ]
  },
  {
   "cell_type": "code",
   "execution_count": 8,
   "id": "46514865-929f-4fdc-94f6-8e4f0547f8fd",
   "metadata": {},
   "outputs": [
    {
     "name": "stdout",
     "output_type": "stream",
     "text": [
      "+-----------+----------+---------+------+--------------+----------------+-----------+\n",
      "|employee_id|first_name|last_name|salary|   nationality|    phone_number|        ssn|\n",
      "+-----------+----------+---------+------+--------------+----------------+-----------+\n",
      "|          4|      Bill|    Gomes|1500.0|     AUSTRALIA|+61 987 654 3210|789 12 6118|\n",
      "|          3|      Nick|   Junior| 750.0|united KINGDOM|+44 111 111 1111|222 33 4444|\n",
      "|          2|     Henry|     Ford|1250.0|         India|+91 234 567 8901|456 78 9123|\n",
      "|          1|     Scott|    Tiger|1000.0| united states| +1 123 456 7890|123 45 6789|\n",
      "+-----------+----------+---------+------+--------------+----------------+-----------+\n",
      "\n"
     ]
    }
   ],
   "source": [
    "employeesDF. \\\n",
    "    orderBy(employeesDF.employee_id.desc()). \\\n",
    "    show()"
   ]
  },
  {
   "cell_type": "code",
   "execution_count": 9,
   "id": "65457996-f31b-431f-b8a4-36e04414a453",
   "metadata": {},
   "outputs": [
    {
     "name": "stdout",
     "output_type": "stream",
     "text": [
      "+-----------+----------+---------+------+--------------+----------------+-----------+\n",
      "|employee_id|first_name|last_name|salary|   nationality|    phone_number|        ssn|\n",
      "+-----------+----------+---------+------+--------------+----------------+-----------+\n",
      "|          4|      Bill|    Gomes|1500.0|     AUSTRALIA|+61 987 654 3210|789 12 6118|\n",
      "|          3|      Nick|   Junior| 750.0|united KINGDOM|+44 111 111 1111|222 33 4444|\n",
      "|          2|     Henry|     Ford|1250.0|         India|+91 234 567 8901|456 78 9123|\n",
      "|          1|     Scott|    Tiger|1000.0| united states| +1 123 456 7890|123 45 6789|\n",
      "+-----------+----------+---------+------+--------------+----------------+-----------+\n",
      "\n"
     ]
    }
   ],
   "source": [
    "employeesDF.orderBy(col('employee_id').desc()).show()"
   ]
  },
  {
   "cell_type": "code",
   "execution_count": 10,
   "id": "4cd7bf9e-f66b-4840-bd3e-3e0e5a2f03a5",
   "metadata": {},
   "outputs": [
    {
     "name": "stdout",
     "output_type": "stream",
     "text": [
      "+-----+------+\n",
      "|FName| LName|\n",
      "+-----+------+\n",
      "|SCOTT| TIGER|\n",
      "|HENRY|  FORD|\n",
      "| NICK|JUNIOR|\n",
      "| BILL| GOMES|\n",
      "+-----+------+\n",
      "\n"
     ]
    }
   ],
   "source": [
    "employeesDF.select(upper(col('first_name')).alias('FName'),upper(col('last_name')).alias('LName')).show()"
   ]
  },
  {
   "cell_type": "code",
   "execution_count": 11,
   "id": "97c1a8c2-9437-4e05-91bb-06aecbc3bff6",
   "metadata": {},
   "outputs": [
    {
     "name": "stdout",
     "output_type": "stream",
     "text": [
      "+-----------+----------+---------+------+--------------+----------------+-----------+\n",
      "|employee_id|first_name|last_name|salary|   nationality|    phone_number|        ssn|\n",
      "+-----------+----------+---------+------+--------------+----------------+-----------+\n",
      "|          1|     Scott|    Tiger|1000.0| united states| +1 123 456 7890|123 45 6789|\n",
      "|          2|     Henry|     Ford|1250.0|         India|+91 234 567 8901|456 78 9123|\n",
      "|          3|      Nick|   Junior| 750.0|united KINGDOM|+44 111 111 1111|222 33 4444|\n",
      "|          4|      Bill|    Gomes|1500.0|     AUSTRALIA|+61 987 654 3210|789 12 6118|\n",
      "+-----------+----------+---------+------+--------------+----------------+-----------+\n",
      "\n"
     ]
    }
   ],
   "source": [
    "employeesDF.show()"
   ]
  },
  {
   "cell_type": "code",
   "execution_count": 12,
   "id": "780e0d88-294d-40e3-8614-56e912a894a7",
   "metadata": {},
   "outputs": [
    {
     "name": "stdout",
     "output_type": "stream",
     "text": [
      "+------------------+-----+\n",
      "|upper(nationality)|count|\n",
      "+------------------+-----+\n",
      "|     UNITED STATES|    1|\n",
      "|             INDIA|    1|\n",
      "|    UNITED KINGDOM|    1|\n",
      "|         AUSTRALIA|    1|\n",
      "+------------------+-----+\n",
      "\n"
     ]
    }
   ],
   "source": [
    "employeesDF.groupby(upper(col('nationality'))).count().show()"
   ]
  },
  {
   "cell_type": "code",
   "execution_count": 17,
   "id": "37cd851a-9985-409a-958f-c5207b8e3aa3",
   "metadata": {},
   "outputs": [],
   "source": [
    "empDF = employeesDF.withColumn('Description',\n",
    "                       concat(upper(col('first_name')),lit(' '),lower(col('last_name')),\n",
    "                              lit(' of '),initcap(col('nationality'))))"
   ]
  },
  {
   "cell_type": "code",
   "execution_count": 18,
   "id": "d085c2d1-ed82-4e81-bbc4-bc2cca5be303",
   "metadata": {},
   "outputs": [
    {
     "name": "stdout",
     "output_type": "stream",
     "text": [
      "+-----------+----------+---------+------+--------------+----------------+-----------+\n",
      "|employee_id|first_name|last_name|salary|   nationality|    phone_number|        ssn|\n",
      "+-----------+----------+---------+------+--------------+----------------+-----------+\n",
      "|          1|     Scott|    Tiger|1000.0| united states| +1 123 456 7890|123 45 6789|\n",
      "|          2|     Henry|     Ford|1250.0|         India|+91 234 567 8901|456 78 9123|\n",
      "|          3|      Nick|   Junior| 750.0|united KINGDOM|+44 111 111 1111|222 33 4444|\n",
      "|          4|      Bill|    Gomes|1500.0|     AUSTRALIA|+61 987 654 3210|789 12 6118|\n",
      "+-----------+----------+---------+------+--------------+----------------+-----------+\n",
      "\n"
     ]
    }
   ],
   "source": [
    "employeesDF.show()"
   ]
  },
  {
   "cell_type": "code",
   "execution_count": 19,
   "id": "56ce21d1-95d6-4b5c-a15e-04fa2d6d0168",
   "metadata": {},
   "outputs": [
    {
     "name": "stdout",
     "output_type": "stream",
     "text": [
      "+-----------+----------+---------+------+--------------+----------------+-----------+--------------------+\n",
      "|employee_id|first_name|last_name|salary|   nationality|    phone_number|        ssn|         Description|\n",
      "+-----------+----------+---------+------+--------------+----------------+-----------+--------------------+\n",
      "|          1|     Scott|    Tiger|1000.0| united states| +1 123 456 7890|123 45 6789|SCOTT tiger of Un...|\n",
      "|          2|     Henry|     Ford|1250.0|         India|+91 234 567 8901|456 78 9123| HENRY ford of India|\n",
      "|          3|      Nick|   Junior| 750.0|united KINGDOM|+44 111 111 1111|222 33 4444|NICK junior of Un...|\n",
      "|          4|      Bill|    Gomes|1500.0|     AUSTRALIA|+61 987 654 3210|789 12 6118|BILL gomes of Aus...|\n",
      "+-----------+----------+---------+------+--------------+----------------+-----------+--------------------+\n",
      "\n"
     ]
    }
   ],
   "source": [
    "empDF.show()"
   ]
  },
  {
   "cell_type": "code",
   "execution_count": 27,
   "id": "4a70c846-a28a-4c67-bab7-649492e00df1",
   "metadata": {},
   "outputs": [
    {
     "name": "stdout",
     "output_type": "stream",
     "text": [
      "+-----------------------------+\n",
      "|Description                  |\n",
      "+-----------------------------+\n",
      "|SCOTT tiger of United States |\n",
      "|HENRY ford of India          |\n",
      "|NICK junior of United Kingdom|\n",
      "|BILL gomes of Australia      |\n",
      "+-----------------------------+\n",
      "\n"
     ]
    }
   ],
   "source": [
    "empDF.select('Description').show(truncate = False)"
   ]
  },
  {
   "cell_type": "code",
   "execution_count": null,
   "id": "9b1c1bf8-d52e-4258-9704-bc3e45c4eea7",
   "metadata": {},
   "outputs": [],
   "source": []
  }
 ],
 "metadata": {
  "kernelspec": {
   "display_name": "Python 3 (ipykernel)",
   "language": "python",
   "name": "python3"
  },
  "language_info": {
   "codemirror_mode": {
    "name": "ipython",
    "version": 3
   },
   "file_extension": ".py",
   "mimetype": "text/x-python",
   "name": "python",
   "nbconvert_exporter": "python",
   "pygments_lexer": "ipython3",
   "version": "3.8.10"
  }
 },
 "nbformat": 4,
 "nbformat_minor": 5
}
